{
 "cells": [
  {
   "cell_type": "markdown",
   "metadata": {},
   "source": [
    "# Ray Surveyor results analysis"
   ]
  },
  {
   "cell_type": "code",
   "execution_count": 85,
   "metadata": {},
   "outputs": [
    {
     "name": "stderr",
     "output_type": "stream",
     "text": [
      "IOPub data rate exceeded.\n",
      "The notebook server will temporarily stop sending output\n",
      "to the client in order to avoid crashing it.\n",
      "To change this limit, set the config variable\n",
      "`--NotebookApp.iopub_data_rate_limit`.\n"
     ]
    }
   ],
   "source": [
    "# Import modules \n",
    "\n",
    "from plotly import tools\n",
    "import plotly.offline as py\n",
    "import plotly.graph_objs as go\n",
    "\n",
    "from surveyor_scripts.raysurveyor_gentree import read_matrix, build_tree\n",
    "from surveyor_scripts.matrix_transform import drop_indices, normalize_gram_matrix\n",
    "\n",
    "py.init_notebook_mode()\n"
   ]
  },
  {
   "cell_type": "markdown",
   "metadata": {},
   "source": [
    "### Generate a phenetic tree from the kmer gram matrix\n"
   ]
  },
  {
   "cell_type": "code",
   "execution_count": 86,
   "metadata": {},
   "outputs": [
    {
     "data": {
      "text/html": [
       "<div>\n",
       "<style>\n",
       "    .dataframe thead tr:only-child th {\n",
       "        text-align: right;\n",
       "    }\n",
       "\n",
       "    .dataframe thead th {\n",
       "        text-align: left;\n",
       "    }\n",
       "\n",
       "    .dataframe tbody tr th {\n",
       "        vertical-align: top;\n",
       "    }\n",
       "</style>\n",
       "<table border=\"1\" class=\"dataframe\">\n",
       "  <thead>\n",
       "    <tr style=\"text-align: right;\">\n",
       "      <th></th>\n",
       "      <th>AF069671.1</th>\n",
       "      <th>AF224507.1</th>\n",
       "      <th>AY445524.1</th>\n",
       "      <th>EU541617.1</th>\n",
       "      <th>GQ372986.1</th>\n",
       "    </tr>\n",
       "  </thead>\n",
       "  <tbody>\n",
       "    <tr>\n",
       "      <th>AF069671.1</th>\n",
       "      <td>8845</td>\n",
       "      <td>1202</td>\n",
       "      <td>1415</td>\n",
       "      <td>1565</td>\n",
       "      <td>2142</td>\n",
       "    </tr>\n",
       "    <tr>\n",
       "      <th>AF224507.1</th>\n",
       "      <td>1202</td>\n",
       "      <td>9129</td>\n",
       "      <td>2155</td>\n",
       "      <td>4006</td>\n",
       "      <td>1276</td>\n",
       "    </tr>\n",
       "    <tr>\n",
       "      <th>AY445524.1</th>\n",
       "      <td>1415</td>\n",
       "      <td>2155</td>\n",
       "      <td>9112</td>\n",
       "      <td>2395</td>\n",
       "      <td>1349</td>\n",
       "    </tr>\n",
       "    <tr>\n",
       "      <th>EU541617.1</th>\n",
       "      <td>1565</td>\n",
       "      <td>4006</td>\n",
       "      <td>2395</td>\n",
       "      <td>9070</td>\n",
       "      <td>1456</td>\n",
       "    </tr>\n",
       "    <tr>\n",
       "      <th>GQ372986.1</th>\n",
       "      <td>2142</td>\n",
       "      <td>1276</td>\n",
       "      <td>1349</td>\n",
       "      <td>1456</td>\n",
       "      <td>8958</td>\n",
       "    </tr>\n",
       "  </tbody>\n",
       "</table>\n",
       "</div>"
      ],
      "text/plain": [
       "            AF069671.1  AF224507.1  AY445524.1  EU541617.1  GQ372986.1\n",
       "AF069671.1        8845        1202        1415        1565        2142\n",
       "AF224507.1        1202        9129        2155        4006        1276\n",
       "AY445524.1        1415        2155        9112        2395        1349\n",
       "EU541617.1        1565        4006        2395        9070        1456\n",
       "GQ372986.1        2142        1276        1349        1456        8958"
      ]
     },
     "metadata": {},
     "output_type": "display_data"
    }
   ],
   "source": [
    "# Read gram matrix as a pandas dataframe\n",
    "sim_matrix_global = read_matrix('./survey.res/Surveyor/SimilarityMatrix.global.tsv')\n",
    "\n",
    "# Removing filtering dataset entries from the gram matrix to keep only the genome entries\n",
    "sim_matrix_global = drop_indices(sim_matrix_global, [0,1,2,3])\n",
    "display(sim_matrix_global)"
   ]
  },
  {
   "cell_type": "code",
   "execution_count": 87,
   "metadata": {},
   "outputs": [
    {
     "data": {
      "application/vnd.plotly.v1+json": {
       "data": [
        {
         "type": "heatmap",
         "x": [
          "AF069671.1",
          "AF224507.1",
          "AY445524.1",
          "EU541617.1",
          "GQ372986.1"
         ],
         "y": [
          "AF069671.1",
          "AF224507.1",
          "AY445524.1",
          "EU541617.1",
          "GQ372986.1"
         ],
         "z": [
          [
           0.9999999999999999,
           0.13376544710721913,
           0.15761613209577102,
           0.17472770786389505,
           0.24063844849010196
          ],
          [
           0.13376544710721913,
           1,
           0.23628100826441373,
           0.44024628298249957,
           0.14110212094111013
          ],
          [
           0.15761613209577102,
           0.23628100826441373,
           0.9999999999999999,
           0.2634480684058436,
           0.14931366824897246
          ],
          [
           0.17472770786389505,
           0.4402462829824996,
           0.2634480684058436,
           1,
           0.1615296315302809
          ],
          [
           0.24063844849010196,
           0.14110212094111013,
           0.14931366824897246,
           0.16152963153028088,
           1
          ]
         ]
        }
       ],
       "layout": {
        "title": "Whole genomes gram matrix",
        "xaxis": {
         "nticks": 22,
         "ticks": ""
        },
        "yaxis": {
         "ticks": ""
        }
       }
      },
      "text/html": [
       "<div id=\"3ff84804-e533-4bd0-b472-0dd40f1c49ce\" style=\"height: 525px; width: 100%;\" class=\"plotly-graph-div\"></div><script type=\"text/javascript\">require([\"plotly\"], function(Plotly) { window.PLOTLYENV=window.PLOTLYENV || {};window.PLOTLYENV.BASE_URL=\"https://plot.ly\";Plotly.newPlot(\"3ff84804-e533-4bd0-b472-0dd40f1c49ce\", [{\"z\": [[0.9999999999999999, 0.13376544710721913, 0.15761613209577102, 0.17472770786389505, 0.24063844849010196], [0.13376544710721913, 1.0, 0.23628100826441373, 0.44024628298249957, 0.14110212094111013], [0.15761613209577102, 0.23628100826441373, 0.9999999999999999, 0.2634480684058436, 0.14931366824897246], [0.17472770786389505, 0.4402462829824996, 0.2634480684058436, 1.0, 0.1615296315302809], [0.24063844849010196, 0.14110212094111013, 0.14931366824897246, 0.16152963153028088, 1.0]], \"type\": \"heatmap\", \"x\": [\"AF069671.1\", \"AF224507.1\", \"AY445524.1\", \"EU541617.1\", \"GQ372986.1\"], \"y\": [\"AF069671.1\", \"AF224507.1\", \"AY445524.1\", \"EU541617.1\", \"GQ372986.1\"]}], {\"title\": \"Whole genomes gram matrix\", \"yaxis\": {\"ticks\": \"\"}, \"xaxis\": {\"ticks\": \"\", \"nticks\": 22}}, {\"showLink\": true, \"linkText\": \"Export to plot.ly\"})});</script>"
      ],
      "text/vnd.plotly.v1+html": [
       "<div id=\"3ff84804-e533-4bd0-b472-0dd40f1c49ce\" style=\"height: 525px; width: 100%;\" class=\"plotly-graph-div\"></div><script type=\"text/javascript\">require([\"plotly\"], function(Plotly) { window.PLOTLYENV=window.PLOTLYENV || {};window.PLOTLYENV.BASE_URL=\"https://plot.ly\";Plotly.newPlot(\"3ff84804-e533-4bd0-b472-0dd40f1c49ce\", [{\"z\": [[0.9999999999999999, 0.13376544710721913, 0.15761613209577102, 0.17472770786389505, 0.24063844849010196], [0.13376544710721913, 1.0, 0.23628100826441373, 0.44024628298249957, 0.14110212094111013], [0.15761613209577102, 0.23628100826441373, 0.9999999999999999, 0.2634480684058436, 0.14931366824897246], [0.17472770786389505, 0.4402462829824996, 0.2634480684058436, 1.0, 0.1615296315302809], [0.24063844849010196, 0.14110212094111013, 0.14931366824897246, 0.16152963153028088, 1.0]], \"type\": \"heatmap\", \"x\": [\"AF069671.1\", \"AF224507.1\", \"AY445524.1\", \"EU541617.1\", \"GQ372986.1\"], \"y\": [\"AF069671.1\", \"AF224507.1\", \"AY445524.1\", \"EU541617.1\", \"GQ372986.1\"]}], {\"title\": \"Whole genomes gram matrix\", \"yaxis\": {\"ticks\": \"\"}, \"xaxis\": {\"ticks\": \"\", \"nticks\": 22}}, {\"showLink\": true, \"linkText\": \"Export to plot.ly\"})});</script>"
      ]
     },
     "metadata": {},
     "output_type": "display_data"
    }
   ],
   "source": [
    "# Heatmap of the gram matrix\n",
    "trace = go.Heatmap(z=normalize_gram_matrix(sim_matrix_global.as_matrix()),\n",
    "                   x=sim_matrix_global.axes[0], \n",
    "                   y=sim_matrix_global.axes[1])\n",
    "layout = go.Layout(\n",
    "    title='Whole genomes gram matrix',\n",
    "    xaxis = dict(ticks='', nticks=22),\n",
    "    yaxis = dict(ticks='' )\n",
    ")\n",
    "data=[trace]\n",
    "fig = go.Figure(data=data, layout=layout)\n",
    "py.iplot(fig)"
   ]
  },
  {
   "cell_type": "code",
   "execution_count": 90,
   "metadata": {},
   "outputs": [
    {
     "data": {
      "image/png": "iVBORw0KGgoAAAANSUhEUgAAAfQAAADvCAYAAAAEsCZmAAAABHNCSVQICAgIfAhkiAAAAAlwSFlz\nAAAN1wAADdcBQiibeAAAIABJREFUeJzs3XdYFFf3B/Dvwi5FujRFFESM2FGMLRrbayxRY8Wu2MWu\nkcRXrLyJJdFYsMaGJVGsiY2IiaiISGwkYgNEEZUiKLAqZdk9vz/47YR1K0qCkvN5nn0CM/fcubP4\n5My9c+eOiIgIjDHGGHuvGZV3AxhjjDH29jihM8YYYxUAJ3TGGGOsAuCEzhhjjFUAnNAZY4yxCoAT\nOmOMMVYBcEJnjDHGKgBO6IyxUsvLy4ODgwPEYjHc3NxQVFSkN0YsFhv88fLyUot/8eIFvv76azRp\n0gQ2NjaoUqUKPvvsM5w/f17ncR8+fIgpU6bggw8+gIWFBRwdHdG9e3ecPn1aa4xUKsXixYvRsGFD\nWFlZoUaNGujVqxfCw8N1Huvly5dYsmQJfHx8YGtrC2tra7Rs2RKbNm2CQqFQKbt///5SfScFBQU6\njz1t2jSIxWLcu3dPZzlDJScnw9bWFiNHjiyT+tg/gBhjrJRCQkIIAEkkEgJABw4c0BsDwOBPrVq1\nVGIzMzOpfv36BICMjIzIzc2NLC0tCQCJRCJav369xmOeOnWKLCwshLbWqFFDaDMAWrZsmVrMw4cP\n6YMPPhDKODo6kouLi/C7v78/FRUVqcXdv3+fPD09hTZVq1ZNaCMA6tGjh0rc3r17Df4+TE1NqbCw\nUOt3u3PnThKJRASAEhIS9P4t9Hn+/Dn5+PgQABo6dOhb18f+GZzQGWOl1rp1awJAAQEBBIDatWun\nN0aZnDZv3kwpKSk6P6mpqSqxPXr0IADUqlUrun//PhERFRQU0Ndffy0k+djYWJWYBw8eCAnVz8+P\nsrKyiIgoPz+f5s2bpzFOoVBQ8+bNCQBVrVqVfv31V2FfTEwM1axZkwBQUFCQyrFkMhk1adKEAJCP\njw/Fx8cL9e3fv1+4qAgODhZiXr16pfM7iIqKIgsLCxKJRFovmBQKBa1YsYKMjIyE7/dtE/q9e/fI\n29tbqI8T+vuDEzpjrFTi4uIIADk5OZFUKiVra2sCQH/++afOOGWCMKQ3X9Lly5cJAJmZmdHjx4/V\n9k+YMIEAUL9+/VS2Dx06lABQly5dSKFQqMW1b9+eANDMmTOFbcePHycAZGxsTNevX1eLiY6OJpFI\nRKampipt2bJlCwEgZ2dnevbsmVrcokWLCAA1adLEoHPOy8sTeshz5szRWCYuLo4++eQTAkDm5uZv\nndALCgpo7dq1wt9TWScn9PcHJ3TGmIpbSS/pxSv1IWWladOmEQCaNm0aEf2VUMePH6+z3jdN6J9/\n/jkBoJ49e2rc/8cffwgJ/8WLF0RElJubKySkmzdvaoy7ffs2nT17lpKTk4VtU6dOJQDUtWtXre1p\n1aqVWm+7TZs2BEDr0H9GRgaFh4fTjRs39J4vEdHMmTOFCwBNQ+1nzpwReuUNGzakq1evvnVC79Ch\nAwEgsVhM8+fPpzlz5nBCf8/wpDjGGAAgr0CBev2uoMXwa7BpexF9Pr+pViY/Px+7d+8GAIwePRoA\nMGHCBADADz/8gOzs7DJv15UrVwAArVq10ri/UaNGsLS0RH5+Pq5evSrE5OXlwcvLC/Xq1QMAEBHS\n0tKQmZkJAPDy8kK7du1Qo0YNoa6HDx8CABo3bqy1PR988AEA4PLlywCAwsJCxMTEAAD69u0rlHv2\n7BlSU1OhUCjg6OiIzp07o0GDBnrPNzY2FmvXroWRkRG2bt0KiUSiViYnJwdOTk5YvXo1rl69ikaN\nGumtV5/s7Gz06tULsbGxCAoKgrGx8VvXyf5ZnNAZYwCADz67jNtJryB9qYBcTvj5TBb6z76lUubg\nwYN4/vw5mjdvLiS9Jk2aoEWLFnj58iW2b99e5u168OABAKBmzZpay7i5uQEAkpKSAAB//vknAKB+\n/fqQSqWYNWsWHBwcULVqVTg6OsLT0xPff/+9Wj1isRgAdF6YPH/+HACQkpICALh9+zZkMhns7e3h\n7OyM9evXo3bt2rC3t4eLiwucnJwQEBCAly9fGnS+kyZNglwux+jRo9G0aVONZdq3b4+HDx9i+vTp\nGhP+mzh16hR+/vln1K9fv0zqY/88sa6dly9fxpkzZ/6ptjDGyklKlhUynjVU2UYADv2WqbJNmQTH\njRunst3f3x8xMTHYsGEDZs6cCZFIpPVYUVFROh9z8/T0RLNmzYTflcnVxsZGa4y1tbVK2YyMDACA\nqakpWrdujbi4ODg5OcHHxwcJCQm4d+8eJkyYgCtXrqgk9jp16gAAIiMjIZfL1Xqp+fn5woiBVCpV\nOZajoyP8/Pywa9cuWFpawsfHB48fP0ZaWhpWrFiBM2fO4Ny5c7C0tNR6HqdPn0Z0dDQkEgnmzZun\ntZytra3WfW/K0dGxzOtk/yydCb1z584YM2ZMmV0BMsbeTc+yRVDIFQBUE7HEWIT8QgXMTIxw584d\nREZGwsrKCoMHD1YpN3DgQMyaNQv37t1DWFgYunfvrvVYq1ev1tmWCRMmqCT0wsJCAMXJWRszMzOV\nsspku2/fPlhbWyM0NBS+vr4AgKKiInz11VdYvHgxtmzZgk6dOmHgwIEAgAEDBmDJkiW4desWvvrq\nKyxcuFDlOPPmzcOTJ08AFA/hlzxWfHw87t69iwULFiAwMBAmJiYAgEOHDmHUqFG4du0aAgICsHHj\nRq3nsXTpUgDAiBEjhFEHxgylM6HL5XIsXrxY5xUlY6xiON3hIjKzVXvOHZvbwsyk+M7cli1bABT3\nYg8cOKAWX7duXURFRSE4OFhnQvf29oazs7PW/a8P+VaqVAl5eXlCstZEueiKMokqRwgUCgU2b94s\nJHOgeFh90aJFuHnzJg4ePIh169YJCd3b2xsTJkzA5s2bsWjRIpw7dw7dunUDAJw4cQLnzp1D27Zt\nERkZiUqVKqkdy9/fH4sXL1ZpW79+/ZCWloYpU6Zgx44dWLlypRBb0o0bNxAREQEACAgI0HqujGmj\nM6Ezxv49Eo41R6MBV5GdW4QCGaG1tzXC1hcPwxcUFGDXrl0AiiecjRo1Sms9p06dQmJiIjw9PTXu\nDwwMRP/+/Q1ul7W1NbKysoSesCa5ubkAADs7OyEGAMzNzVUmqpXk6+uLgwcPChPplNatWweJRIIN\nGzYgIiJCSLISiQTLli2DjY0NIiMj4eTkpHIsABg6dKjWY02ZMgUFBQWIi4tD8+bN1crs27cPAPDh\nhx8KQ/+MlQYndMYYAMDWUoyHYS1w6YYU1Z1NUM3pryHuw4cPIzMzE66urjqXAg0NDUViYiLWr1+P\nVatWlUm7PD09cf/+fSQnJ2sto9zn7u6u8t9KlSoJE91eV61aNQDFw/QKhQJGRsUjEWKxGMHBwZgy\nZQrCwsLw9OlTVK9eHZ999hmqVq2KadOmAYCwPK3yWID2+/yOjo4wMTFBYWEh8vPzNZZRjnpouyhg\nTB9O6IwxFS0bWqltU04cGzVqFIKCgrTGOjo6YsaMGdixYwe++uorWFhYvHV7mjRpgtOnT+P333/X\nuD8uLg5SqRRisRhNmjQBAOEefFZWFtLT0zUO8StnxLu6ugrJXEkmk6FOnToae8phYWEAgLZt2wIA\nPDw8YGdnh+fPn+PmzZsaH0179OiRcMug5GNySgkJCUhISABQPETP2Jvgx9YYYzolJCTg7NmzAIAh\nQ4boLDtkyBBIJBLk5OQIz6u/LeWQ+YkTJ5CWlqa2f/PmzQCAbt26CcPfjRs3FnrQwcHBajFEJFyk\n9OzZU9h++vRpVKpUCR988IEw6a2k/fv3IzExER4eHujYsSOA4nvoynv069at0xinbGODBg1UevRK\nFy9eBFDc23d1ddX0NTCmn65VZywtLUkqlf4D69swxt5VyvXamzZtalD5Xr16EQBq0KCByna84Upx\nREQff/wxAaDmzZsLK7vJ5XJas2YNiUQiEolEFBMToxJz6NAhYeWzlStXUkFBAREVr6E+Y8YMAkCW\nlpZ07949IUYqlZKtrS0BoFmzZlFeXh4R/bUmu5WVFQGgffv2qRzrwYMHwr4RI0bQ06dPhbidO3eS\niYkJAaDQ0FCN5zdx4kQCQIMGDSr1d0NUvJY89KwUJ5fLaeHChbRw4UKKjo7WW2dgYCCvFPee4YTO\nGNOqsLCQnJycCACtWLHCoBhlIgVAZ86cEba/TUJPTEwkV1dXIUHXq1dPaBcAWrNmjca4pUuXCm8h\ns7a2poYNGwqJ19zcnA4dOqQWs3//fjI2NiYAZGVlRQ0aNCBHR0fhWMuXL9d4rNOnTwt1m5iYUL16\n9cjZ2VmI++KLL7SeX+fOnQkAzZ07t9TfDZFhCb1kmVWrVumtkxP6+4eH3BljWv3000/IyMiAkZER\nBg0aZFBMjx49ULlyZQDFQ9BloVatWrh+/To+//xzuLm5ITExEcbGxujWrRsiIiKEiWqvmzNnDqKj\no+Hr6wsLCwvcvXtXeMf35cuXNc6AHzBgAKKjo9GvXz+Ym5vj7t27sLCwELZ/8cUXGo/1n//8B7du\n3cLUqVNRvXp13Lt3DwqFAl27dsXJkyexfPlyreeXmpoKQPP9dcYMJSLScMPn/1lZWSE1NZWfQ2eM\nMcbecdxDZ4wxxioATuiMMcZYBcAJnTHGGKsAOKEzxhhjFQAndMYYY6wC4ITOGGOMVQCc0BljjLEK\ngBM6Y4wxVgFwQmeMMcYqAE7ojDHGWAXACZ0xxspQXl4eHBwcIBaL4ebmhqKiIrUykyZNglgshqmp\nqfDqVF3y8/PRsGFDiMVitG7dWmOdSgqFAu3atYNYLMbhw4cNbndqaiqcnJwgFouRlZWlscyCBQsg\nFot1fjQdU9keXR9NxwwLC0Pv3r1RrVo1mJubw8nJCZ988gl+/PFHg88LAAIDAyEWizF9+vRSxWlS\nVFSEZs2aaXwNbrnT9eYWftsaY4yVTkhICAEgiUSi9e1yUqmUPDw8CAB5enrSy5cvddY5a9Ys4XWv\n2t6mprRkyZJSv9lOoVBQly5dhDjl619f17FjR6GMts/rxywsLCQzMzO9ca8fc+rUqcI+Y2Njql69\nuvCdAqB+/fqRTCbTe26RkZFkZGREAGjy5MkGfR/aKBQKGjt2LAGgatWqvVVdfwdO6IwxVoZat25N\nAIT3yLdr105juQsXLgiJZtKkSVrrO3funFBu27ZtOo997do1laRnaEIPDg7WmVyJiIqKisjS0pIA\n0KlTpyglJUXj59WrVypxly5dIgBkZ2dHycnJWuPkcrkQ8+OPPxIAMjIyoqVLlwrvpZfJZBQcHExi\nsZgAUFBQkM7zys3NpZo1awrn9TYJXSqV0pAhQ4S6OKEzxlgFFhcXRwDIycmJpFIpWVtbEwD6888/\nNZafM2cOASCRSETh4eFq+3Nzc8nd3Z0AUP/+/XUe+9WrV1S3bl0Si8VkZ2dncEK/ffs2mZubq7xf\nXlNCv379OgGgGjVqCNtKJmFtVq1aRQBo+PDhBse1aNGCANCMGTM07l+4cCEBoKpVq+qsx8/PT/h7\nvE1CP3HiBNWuXZsAkLm5+Tub0PkeOmOMGUhWpPVt0wCA77//HgAwaNAgWFpaYvDgwQC0vxd+8eLF\n8Pb2BhFhzJgxyMnJUdk/c+ZMPHjwAK6urkLd2nz55Ze4ffs25s+fb/B71WUyGYYNG4aCggJs3rxZ\nZ9no6GgAQJs2bRAQEAB3d3eIxWJYW1ujd+/euH79us642rVrY+jQoXBwcICxsTFcXFwwadIkpKen\nq5QvLCzE1atXAQD9+/fXWGePHj0AFN/3f/HihcYyR44cQUhICDp16oRBgwbpPDddgoKC8OmnnyIh\nIQF9+vRBSEjIG9f1t9OV7bmHzhhjRAoF0ezv7pF799+pXr/LdPx8plqZvLw8oWccGxtLRMVD4ADI\nwsKCnj9/rrHuGzdukKmpKQGgcePGCdt/+eUXYdg5IiJCZ/vCw8NJJBJRixYtqKioiBo3bmxQDz0w\nMJAA0Oeff07Pnz/X2UMfPny4yrC8tbU1ubi4CL9LJBLav3+/Wlz16tVV4pycnKhy5crC7y4uLnTr\n1i2VmIKCAkpOTqbCwkKN7T5+/DgBIFNTU1IoFGr7U1NTycHBgWxtbSklJYWmT5/+xj306dOnU+PG\njenYsWNERHT69Ol3tofOCZ0xxvToOvkGiZqcI3gXf8yaR9KB0xkqZXbv3k0AqHnz5irblcPHK1eu\n1Fr/ihUrhKH36OhokkqlVKNGDQJAX375pc62ZWVlkYuLC1WqVIni4+OJiAxK6FFRUWRsbEwNGjSg\n/Px8vQm9Vq1aQiILCwsTtt+7d0+YLGdubk63b98W9j169Eios23btnTz5k1h39mzZ8nNzY0AUJ06\ndSg/P1/neZbUvXt3AkCfffaZxv3dunUjALRnzx4iordK6BkZqn/ndzmhi//W7v+/iFwux507d8q7\nGYyxMnY/VY7fYnJBJUbb8wsVmLI0Ef3/4yhsUw6Jjxs3TiXe398fMTEx2LBhA2bOnAmRSKR2jJkz\nZ+LYsWM4d+4c/P390b59ezx8+BDNmjXD//73P53t8/f3x5MnT7BhwwbUrl3boHN68eIFhg8fDmNj\nY+zZswempqbIy8vTWl4ul6Nnz564f/8+li9fjjp16gj7PDw8cOLECXh7e+Pu3bv4+uuvsXv3bgDF\nj/CNHz8eUqkU27Ztg7m5uRDXrl07nDp1Co0aNcLdu3exZ88ejBkzRm/bd+zYgZMnT0IikWDx4sVq\n+zds2ICwsDD4+vpi6NChBn0fujg6Ouov9I7ghF5GNm7ciBUrVsDS0rK8m8IYK0PPjNuhyGig2nax\nWIQHqflwr2qGO3fuIDIyElZWVsJ9c6WBAwdi1qxZuHfvHsLCwtC9e3e1uoyMjLBz5040atQIsbGx\niI2NhYWFBX744QdIJBKtbduzZw/279+Prl27wt/f3+BzmjFjBpKSkrB06VI0btxYb3ljY2OsWrVK\n634zMzPMmDED/v7+OHHiBBQKBYyMjODp6anz3nydOnXQp08fhIaG4tixY3oT+t69ezF+/HgAQHBw\nsFrb4+PjERAQABcXF2zcuFHveVU0nNDLyN27dzF79mxMmTKlvJvCGCtDcgVB4hOptr2qgwncq5oB\nALZs2QKgOEEdOHBArWzdunURFRWF4OBgjQkdANzc3LBq1Sohqa1YsQIffPCB1nY9fPgQU6ZMgb29\nPbZv327w+fz888/Ytm0b2rRpgy+++MLgOH1atGgBAHj+/DkyMzPh5ORkcFxoaCji4+N1lvvuu+8w\ne/ZsAMCqVaswYcIElf1FRUUYNmwY8vLycPjwYVSuXPkNzuL9xgmdMcZ0MDYSYfviOhgXlIAiuQIi\nEWBrKcbxtQ0BAAUFBdi1axcA4MqVKxg1apTWuk6dOoXExER4enpq3N+6dWvh5zZt2mitR6FQYMSI\nEcjJycGBAwdQtWpVg84lPT0d48aNg5WVFXbt2gUjo7J70MnKykr4uaCgoNRx2mIKCgowceJEhISE\nwNzcHCEhIfD19VUrFxQUhMuXL2Py5Mno0qVLKVtfMXBCZ4wxPfx6OeM/LWzx7a4UfFDDApMH/pVA\nDx8+jMzMTLi6umLkyJFa6wgNDUViYiLWr1+vc/jaEKGhoTh37hzs7e1x6dIlXLp0SWX/kydPAAC7\ndu3CpUuX4OXlhbFjx2LBggV4+vQpvL29sX79epWYkgl14cKFMDc3x6effooOHTogPj4ev/32G+Ry\nudZRSOXjZ0ZGRnBwcAAAnD9/HteuXYOHhwd69eqlM87Z2Vnjvj59+iA6OhrVq1fHkSNH4OPjo1Yu\nJSUFS5YsgUgkgkKhEHrySpGRxSMsUVFRmD17NiQSCZYuXaqxPe81XTPmeJa74aZMmULBwcHl3QzG\n2D+sffv2BIDmz5+vs9zq1asJANnY2NCLFy80lrl9+7YwK/zGjRta63p9ZTd9ny5duhARUb9+/UoV\nt3TpUiIiCg0NJQAkFospNzdXY5u+/vprAkBNmjQRtvn7+2uc+V9S586dCQDNnDlTZXtSUpIwC75N\nmzaUnp6utY4bN26U6rxMTU211qUPz3JnjLEKKCEhAWfPngUADBkyRGfZIUOGICAgADk5Odi9ezcm\nTpz4xsdt3bq1zh7m2rVrkZqaiqFDh6JBgwbw8PAAAAwbNgzNmjXTGJOfny/MGp8/fz4qVaqE9u3b\nAwA6deoEiUQCmUyGrVu3YubMmSqx2dnZwuI5JW85dOvWDRs3bsSVK1dw5coVtWNfunQJv/76K0Qi\nEfz8/ITtmZmZ6NChA5KTkzFgwADs2bMHJiYmWs+3SpUqOr+P48ePIyoqCq1atUKvXr0gFlfQ1Kcr\n23MP3XDcQ2fs30e5XnvTpk0NKt+rVy8CQA0aNNC439Aeuj6GLixTkr7n0JXPcltYWFBoaKiw/f79\n+9SyZUsCQPXr16eCggJhn1wup6ZNmxIAql27Nl2/fl3Yd/bsWXJ2dlZbUIeIqHfv3gSAvLy86MGD\nB5Samqr1Y8jys/qeQ9+2bRstXLiQ9u7dq7cu7qEzxlgFI5PJsHPnTgD6e+dKI0eOxNGjRxEXF4eI\niAh06NDh72ximVq+fDnu3LmDU6dOYeDAgZg8eTIcHR1x9+5dKBQK1KxZEydOnFDpSRsZGeHQoUPo\n2LEjEhIS0KRJE7i5uQEAkpOTART34ksujXv16lX89NNPAIA7d+7ofU1pSkoKXF1d3+rctm/fjqio\nKHz22WdvtUxseeO13Blj7A389NNPyMjIgJGRkcFJoEePHsLjVNrWd39XmZqa4uTJk/j+++/RqlUr\nFBQU4MGDB/Dy8sKCBQvwxx9/CMm6JHd3d1y7dg3z5s1DvXr1kJ6ejuzsbLRu3Rpbt25Vuwg4ffr0\nP3laFYqIqOT6R6qsrKyQmprKi6UYYOrUqahTpw4/h84YY6xccA+dMcYYqwA4oTPGGGMVACd0xhhj\nrALghM4YY4xVAJzQGWOMsQqAEzpjjDFWAXBCZ4wxxioATuiMMcZYBcBLv76hxxmFmL/hPqQv5Zg7\npkZ5N4cxxti/HCf0N3Dpz1x0GPcn8gsVAICj556hrbsb6tQp54Yxxhj71+Ih9zfw2cxbQjIHgEKZ\nAmcSPyzHFjHG3hcnT56EWCwu1WfXrl0qdXh7e0MsFiMoKEjv8fbv3y/U87rffvtN77GnT59u0HkF\nBgaWqjwATJs2DWKxGPfu3dNZ7uXLl1iyZAl8fHxga2sLa2trtGzZEps2bYJCodAZq3To0CGIxWJs\n375d4/4GDRoY/PcIDAw0+Bxfl5ycDFtbW4wcOfKN69BGZw9dJpPB1dUVIpGozA/8vioy9YKZ1zdq\n28UiOX5PtCuHFjHG3icKhQJyubzUMSUVFRVBLpcblMx0He/ixYt622JIWy9cuIBly5aV6tx27dqF\ndevWgYig45UiePDgATp37ozExESIRCK4uLggJycHMTExiImJwYkTJ/DTTz/B2NhYax1//PEHxo8f\nr/M7U36nhjAzMzOo3Ouys7PRr18/5OTklPrfgCF0JnSJRIKbN2/CwsKizA/8PqvS+ToA1X88RQpj\n+HjklE+DGGPvpcTERJiamuotp3xDW1m7ePEiAGDRokUYM2aMxjL6Xs4llUoxYsQIg3vKRITvvvsO\nX3zxhc5EDhQn2b59+yIxMRE+Pj7Yu3cvateuDSLCwYMHMWrUKBw/fhwbN27U+mKs06dPY/DgwXj2\n7JnOY507dw4ymUzr/sDAQOzatQvNmzfH7Nmz9Z/oa5KSktCvXz/ExsaWOtZQeu+h29jY8NvWXvPj\n8oYY+t87wrC7RCxCE5ebMDYy7B80Y4wBQLVq1d64t/e2iAgxMTEAgOHDh8PV1RVEVOoR2WnTpuH+\n/ftwcnJCRkaGzrI3b97ErFmzEB4eDnNzc+Tl5eksHxISguvXr8PZ2RmnT5+GnV3xKKhIJMKAAQNw\n69YtLFq0CNu3b1dL6JmZmQgKChJGAczMzJCfn6/1WM7Ozlr3HThwALt27YKDgwMOHToEc3Nzne0u\nqbCwEJs3b8a8efOQm5tr0Hm/Kb6H/gb6dnTAqY0N0baJDT6sb4Vd/6uD5jVulXezGGPMYHfu3MHz\n589Rt25dnDhxAt7e3pBIJDAzM0Pr1q1x4MABvXUcOXIEISEh6NSpk953wkdERKBRo0YIDw9Hw4YN\nceHCBb3179y5EwCwYMECIZmXNGnSJISHh6vNMXjx4gU8PDwQHBwMe3t77N+/Hz4+PnqPp8njx4+F\n0YtNmzbB1dW1VPFdu3bFtGnT8OrVK8yfP79UcwxKSyWhR/+Zi6Fz7yB47+O/7YAVxcdNbXB+e2PE\n7G6CQV2dyrs5jLF3TKGMMH9DMsYujkfiQ+09w/ISHR0NALh9+zamTZuGO3fuoGrVqpDL5YiOjoav\nry9mzpypNT4tLQ3jx4+Hra0tQkJC9Pbsc3Jy4OTkhNWrV+Pq1ato1KiRzvKFhYXCCELfvn2F7c+e\nPUNqaioUCgUcHR3RuXNnNGjQQCW2qKgIRUVFmDZtGm7fvo0BAwboPJYu06dPh1QqRe/evdGvX79S\nx2dnZ6NXr16IjY1FUFCQznv9b0sYcp/xbRI27H8MWRFh7y8ZWL4jBWTE98714fmCjLHXJabkoZHv\nVeTlF9+G23UiHdsW1MHwHu/Oxb/y/rmpqSm+/fZbjB8/HqampsjJycHChQuxZs0arF69Gt7e3hpn\nZI8ePRqZmZnYs2ePQb3W9u3b4+HDh5BIJACKk64ut2/fhkwmg729PZydnbF+/XqsXr0aiYmJAAB7\ne3uMGjUKixYtUpvnZWlpiUePHr313IPw8HAcOnQIEokEq1ateqM6Tp06BUdHx7dqh6HEAHAr6RU2\n7H8CWVHxBAUi4PHTQoidP/9HGsEYYxVJ98lxQjIHAJmMMHL+HbWEfuDAASHBaVO1alW0a9euzNvo\n7e2NAQMGoH///vD19RW229jYYPXq1cjOzsbOnTuxYMECDB8+HEZGfw3obtiwAWFhYfD19cXQoUMN\nOp6trW2NhjuLAAAgAElEQVSp2qe8H+/o6Ag/Pz/s2rULlpaW8PHxwePHj5GWloYVK1bgzJkzOHfu\nnMpcL7FYXCYTCRcvXgwA8PPzg7u7+xvV8U8lc+D/E/qmg6mQFalP6JKbeCCvQAGeE8f+bg8ePMCA\nAQOQnZ1d3k1h7K0UGrngVZX/qW03NTHC9p/S4FRiKvKIESP01telS5e/JaFPmTJF68xwAJgzZw52\n7tyJhw8f4s8//4S3tzcAID4+HgEBAXBxccHGjRvLvF1KUqlUON7du3exYMECBAYGwsTEBEDxc+Wj\nRo3CtWvXEBAQUOZtOX/+PC5evAixWIy5c+eWad1/FzEAdP3IDsE/pgAi1TlyIkUuzE153hz7+0VF\nRcHV1RV79+4t76Yw9tYaDk0GoNrzlssJ3dtWxpXov7Z17txZpeerSbNmzdS2lWYmur5Hw7Tx8vKC\ntbU1cnNzER8fD29vbxQVFWHYsGHIy8vD4cOH/7bH6YC/zlGhUMDf31/oLSv169cPaWlpmDJlCnbs\n2IGVK1eiUqVKZXb8NWvWAAD69+//xr3zf5oYALp/VBlN61rj2p0Xwg5rC2MUPVoD4M0nEzBWGhYW\nFvD09CzvZjD21rYvtsHohXeFR1uNjUUY0t0RVexNVModPXr0jR5bU/ZSCwsL9ZZ9+fIlABj0vPvr\nrKyskJubi4KCAgBAUFAQLl++jMmTJ6NLly6lrq80rK2thZ+1Dev7+vpiypQpKCgoQFxcHJo3b14m\nx5ZKpTh58iSA4kf63hfC4E/Mnib4fGUSTl18Did7MTbMrY1W3rqX42OMMaZucFdHWFsYY27wfeQV\nKDDqM2f8d3TZvcTJ3t4eAJCamqq37OPHxU8tOTg4CNuys7Nx+PBhPH78GDNnztS41ohcLkdWVhaA\n4me0U1JSsGTJEohEIigUCrXFVSIjIwEUj7bNnj0bEokES5cufbMTBFR6xTY2NhrLODo6wsTEBIWF\nhTqfMS+to0ePIj8/H46Ojvjkk0/KrN6/m5DQxcYirPmiFuQKgrERT91mjLG38Wnbyvi0beW/5f+p\ndevWxenTp3Hx4kW9i8EoE229evWEbYWFhcKz1c2aNUO3bt3U4mJiYpCfnw+xWIxmzZrhyZMnwnKl\nuu5Xx8bGIjY2Fqampm+V0D08PGBnZ4fnz5/j5s2bao+mAcCjR4+EUYoaNcrugknZO+/Vq5fGNfDf\nVWot5WTOGGNl5+/4f2rXrl2xdu1axMfHY+3atVoXKzl79iwiIiIAAD179hS2Ozk5oWnTprh27Ro2\nbdqkMaF/9dVXAIqTWuXKlaFQKHQm6OPHjyMqKgqtWrUqk0QoEong6+uLzZs3Y926dfD19VW7cNm8\neTOA4herlOV9buUjfW3bti2zOv8J78+lB2OMVTDp6ekG3ds2MTFRmYDWtWtXdOzYEWfOnMGMGTNw\n6dIlDB06FB4eHjAyMkJKSgrCwsKwceNGKBQK1K1bFxMmTFCpc/78+ejTpw+OHj2KwMBALFq0CBKJ\nBC9evMCsWbMQFhYGCwsLLFu2DEDxkP2cOXO0tjEtLQ1RUVFo2rSpznKl8d///hc//vgjLly4AD8/\nP6xcuRIODg4gIuzevRvffPONcC5lJT09HQ8ePAAAtGzZUm/5pKQkYaW6iRMnokqVKmXWltLihM4Y\nY+XE0F5lixYtcOnSJeF3kUiEPXv2YMCAAYiKisK+ffuwb98+jbHe3t746aefhIl0Sr1798bChQux\nePFiLFmyBKtXr0bNmjVx//59vHr1ChYWFjh48CBq1679xuf3ttzc3HD48GH07dsXu3btwr59++Dp\n6YmsrCykp6cDAL744guV5+jflvJVriKRCDVr1tRbPikpSZiB37t373JN6PxMGmOMvYeqVq2Kc+fO\nYd++fejXrx88PT1hZWUFc3NzeHh4oFu3btizZw8uXboENzc3jXUsWrQIv/76K3r06AFzc3MkJCTA\nwcEB48aNwx9//IGuXbv+w2el7j//+Q9u3bqFqVOnonr16rh37x4UCgW6du2KkydPYvny5WV6POVE\nQ2dnZ7WLoHediHQ8pGhlZYXU1FR+25oBpk6dijp16uhcqIFp98MPPyAsLAx79uwp76Ywxth7iXvo\njDHGWAXACZ2Vm5gbUizfnoLcl/LybgpjjL33eFIc+8fJFYSPR/+B329KUVRECFx/H8M78m0dxhh7\nG9xDZ/+4KUsTcfGPXBT9/9v95Apg9xk7vJJxUmeMsTfFPfQyUrVqVWzbtg0nTpwo76a80xRkjGv5\ns/D6Pz25Arid1bB8GsUYYxUAJ/QyEhAQgKZNm5Z3M94LQ/+XB8BKZZtIBNiZZpVPgxhjrALghF5G\nJBLJO/HM5vvgR5vn6DvrJl7lK4RtNpXk8LCLL8dWMcbY+43vobN/XJdWdtj/TT3UqGoKF0dTdGxu\ni+Wj0sq7WYwx9l7jHjorF5+2rYzkti2QlVMEexsxfvjhRnk3iTHG3mvcQ2flyt6GrykZY6wscEJn\njLH33LJlyyAWiyEWi4VXiurSqVMnobwhn8ePH6vEZ2ZmIjAwEN7e3rCxsYGlpSXq1q2L6dOn4+HD\nh1qPe/PmTYwdOxaenp6wsLCAnZ0dmjdvjmXLluHly5cGn29gYCDEYrHW18YCQLt27fSeV1aW+kTc\nhw8fYsKECfDy8oKlpSXc3d0xbtw44Q1sJe3fv79U32NBQYHB51hSUVERmjVrpv9lPqSDpaUlSaVS\nXUUYKxN79uyhoUOHlnczGHvvKBQK8vDwIIlEQgCoQYMGemPatWtHAAz+pKSkCLFxcXFUpUoVYZ+d\nnR05OjoKv1tbW9PZs2fVjvnjjz+SiYmJUK5q1apkaWkp/O7l5UVPnjzR2/bIyEgyMjIiADR58mSN\nZQoLC8nMzEzveT19+lQlLiYmhqysrAgAmZmZkbu7u/C9WllZUUxMjEr5vXv3GvwdmpqaUmFhod7z\ne51CoaCxY8cSAKpWrZrOstxDZ4yx99ivv/6KpKQkdO7cGfXq1UNcXBzOnj1rUKyfnx9SUlL0fqpW\nrQoAkMvl8PX1RVpaGpo2bYrr16/j2bNnyMjIwJ07d9C6dWvk5uaiX79+eP78uXCc+/fvY/To0Sgs\nLMTgwYORlpaGJ0+eQCqV4tSpU3BxccGdO3cwbNgwne2VSqUYMWIEFAqFznLXrl1Dfn4+7OzskJyc\nrPW8Sr5j/uXLl+jVqxekUinGjx+Pp0+f4v79+0hNTUW/fv0glUrRv39/5OXlCTGfffaZzu8tKioK\nFhYWwutuJRKJQX8XpRcvXmDYsGHYunWrYQG6sj330Nk/hXvojL2Z/v37EwAKDg6mr7/+mgBQ3759\ndcYoe+jaerjahIWFEQCytLRU6bUrZWZmUuXKlQkAbdq0Sdj+5ZdfEgDy8fGhoqIitbiIiAihJ3vn\nzh2tx/fz8yMA5OTkpLP9q1atIgA0fPhwYZtcLtd5bt9++y0BoEaNGpFCoVDZJ5PJqH79+sL3bIi8\nvDzy8fEhADRnzhyDYko6ceIE1a5dmwCQubk599AZY6wiy8jIwM8//wyxWAxfX1+MHDkSxsbG+Pnn\nn/Ho0aMyP97FixcBAC1btoSrq6vafnt7e7Rq1QoAkJCQoBbXp08fGBsbq8W1a9dOeE13ybiSjhw5\ngpCQEHTq1AmDBg3S2c7o6GgAQO3atTF06FA4ODjA2NgYLi4umDRpEtLT09Vi9u3bBwAYOXIkRCKR\nyj6xWIzx48cDAEJDQ3UeW2nu3Lm4evUqmjRpgqCgIINilIKCgvDpp58iISEBffr0QUhIiEFxnNAZ\nY+wdJX0px8HTmVr3h4SEQCaToUePHnByckK1atXw6aefQi6XY+PGjWXenqCgIGRlZWHPnj1ayyiT\nZcnh7IiICKSmpmLKlCkaY168eIFXr16pxSmlpaVh/PjxsLW1RUhIiFrCfZ0yoS9YsAA//vgjjI2N\nUblyZaSmpmLjxo1o2rQpbt++LZSXyWT4888/AUC4IHld69atAQAxMTEoKirSefzY2FisXbsWRkZG\n2Lp1a6mH2p89e4bGjRvj2LFjOHz4sMbvRBNO6Iwx9g6a8L8E2LW7iDFB8bBodQEXrueq7Cci4d6q\nsvcIAP7+/gCALVu2vPGsal0qV64MZ2dnjft+//13XL16FQDQvXt3YbuxsTGqVKkCGxsbjXGbNm2C\nQqGAg4MDPvzwQ7X9o0ePRmZmJtatW6dxZKCkx48fIyUlBQDQtm1b3Lx5E+np6cjKysLZs2fh5uaG\nJ0+eoE+fPsL38/jxY8hkMgBAzZo1NdarnGEuk8n0jn5MmjQJcrkco0ePfqMlwQMDAxEbG4sePXqU\nKo4fAmaMsXfMok3J2PpTGhQKQu6L4t5g+7F/IOdCa1iYFw9ZR0REICEhATVq1ECXLl2E2C5dusDD\nwwNJSUkIDQ3FiBEjtB4nISFBGGrWxNraWiUx6yKVSjFmzBgQEQYMGABvb2+D4m7cuCEMSS9evFit\nN7thwwaEhYXB19cXQ4cO1VtfXl4exo8fD6lUim3btsHc3FzY165dO5w6dQqNGjXC3bt3sWfPHowZ\nMwbZ2dlCGW0XHdbW1sLPJcu/7vTp04iOjoZEIsG8efP0tlcTR0fHN4rjhM7eCSYmJoiPj8fMmTPL\nuymMlSuCCD9c743XJ3LLFYRvQlKw2N8dAPD9998DAMaMGQMjo78GW0UiESZMmIAvv/wS69at05nQ\nw8PDER4ernV/nTp1DEroOTk56N69O+Li4uDl5YUtW7bojQGAuLg4dO7cGS9evMDgwYMxadIklf3x\n8fEICAiAi4uLwbcQPD09dT6LX6dOHfTp0wehoaE4duwYxowZg8LCQmG/qampxjgTExOIRCIQkUr5\n1y1duhQAMGLECLi5uRnU5rLCCZ29EwYMGICXL1/qvPJl7N8iP/olAAu17daWxb3XzMxMHDlyBEDx\ncPbrk6aUCf7y5cuIiYlBixYtNB6nRo0aqFu3rtZ2VK9eXW9bU1JShGRev359hIeHa+3llhQREYG+\nffsiOzsbvr6+2Llzp8r+oqIiDBs2DHl5eaW6j2yIFi1aIDQ0FPHxxS+EqlSpkrCvsLAQZmZmajEy\nmQxEBKA4uWty48YNREREACh+A+c/jRM6e2f4+fmVdxMYeyeYuaZi2vJEyIpI2CYRi/D58GoAgJ07\ndwq9RH3DuuvWrdOa0Hv27Il169a9cTsjIyPRv39/ZGRkoFOnTjh48CBsbW31xq1fvx4zZsxAUVER\nZs+ejeXLl6uMMgDFE/AuX76MyZMnq9xSKAtWVsWvb1beQy85nC6VSjUm9Nzcv+Yw2NnZaaxXefvi\nww8/RJ06dcqsvYbihM4YY++Yif2r4uUrOQLX34etlRimEiNEbGkk7FcOaQ8ZMkTrJK7U1FRs374d\nBw4cwMqVK+Hk5FSmbdy6dSsmTZoEmUyGadOmYeXKlRCLdacUmUyGKVOm4Pvvv4eZmRm2b9+O4cOH\nq5VLSUnBkiVLIBKJoFAoMHv2bJX9kZGRAICoqCjMnj0bEolEGOo+f/48rl27Bg8PD/Tq1UtjO5Qz\n8ZWT+6pVqwYzMzPk5+cjOTlZ4z3s5ORkAMW9cxcXF431HjhwAAAMutf/t9D1kDovLMMYY+Xr4h85\nKr+fPXuWAFClSpV0/v+5sLBQWJL1f//7n8q+N11YRmnBggUEgExMTGjHjh0GxeTl5VGXLl0IALm4\nuNDly5e1lr1x40aplqY1NTUVYv39/QkANW/eXGv9nTt3JgA0c+ZMYVvz5s0JAK1fv15jTHBwsM56\n4+PjNS6VWxZOnz5t0MIy3ENnjLF3WKtG1iq/K3vnPXv2FBZj0UQikWDIkCFYs2YNNm/ejDlz5ujt\nQRvi22+/RVBQEKysrHD8+HF8/PHHemOICP3798epU6dQr149hIeHo1q1alrLV6lSRehxa3L8+HFE\nRUWhVatW6NWrl8p5devWDRs3bsSVK1dw5coVNGvWTCX20qVL+PXXXyESiVRu8/Xt2xe///47tm/f\nDn9/f5Vn3RUKhfCI4MCBAzW2Sbl4jru7u95H6/42urI999AZY+zdkZWVJbx05OjRo3rLX7t2Teg1\nHjhwQNj+pj30K1eukLGxsdCTTU1N1frJyflrZGH16tXCqEJUVJTOuLy8PL3tmD59utb2y+Vyatq0\nKQGg2rVr0/Xr14V9Z8+eJWdnZwJA48aNU4l7+vSpsGzt6NGj6cWLF0REJJVKadiwYcKSs8rtr5s4\ncSIBoEGDBhn0XW7bto0WLlxIe/fu1VvW0B46J3TGGHtPKNcor1y5ssFv7mrYsCEBoI8//ljY9qYJ\nvWfPngYPg48ZM4aIiPLz88nBwcHguN27d+tth66ETkR0//59qlmzplCnm5sbubm5Cb9369aNCgoK\n1OKOHj0qvBHO0tKSGjRoQBYWFgSALCws6OLFi1rbpBzGnzt3rkHf5UcffUQA6LPPPtNb1tCEzivF\nMcbYe0I53N6/f3+DlxMdOXIkgOLJYjdu3Hir4+t6Zl2b69evIzNT+/K1fwd3d3dcu3YN8+bNQ716\n9ZCeno7s7Gy0bt0aW7duxYkTJzQ+etazZ09cvXoVgwcPhqWlJeLj4+Hs7Aw/Pz/ExsZqXRYWKJ6E\nCBQ/ClheRERE2nZaWVkhNTVV530axhhjjJU/7qEzxhhjFQAndMYYY6wC4ITOGGOMVQCc0BljjLEK\ngBM6Y4wxVgFwQmeMMcYqAE7ojDHGWAXACZ0xxhirADihM8YYYxUAJ3TGGGOsAuCEzhhjjFUAnNAZ\nY2/t+vXrmD17Nlq0aAEHBweYm5vD2dkZTZs2xbRp0/D7778bVE9RURH279+PgQMHolatWrCwsICV\nlRW8vLwwcuRI/PLLL3rrICLs3r0bHTt2hL29PSwtLVG7dm2MHz8eN2/eVCs/efJkiMVigz5t2rRR\ni7958ybGjh0LT09PWFhYwM7ODs2bN8eyZcvw8uVLjW1UKBQICQlB27ZtYWdnB0dHR7Rp0wbbtm1D\nYWGh1nPLy8vD0qVL0bRpU1hbW8PKygoNGzbEl19+iadPn2qNe/nyJZYsWQIfHx/Y2trC2toaLVu2\nxKZNm6BQKPR+p/ocOnQIYrEY27dvf+u62FvQ9So2fn0qY0yX9PR06t27t0GvxRwwYIDWd0kTEd26\ndYsaNGigt56PP/6YHj16pLEOuVxOQ4YMEcpaW1uTm5ub8EpMIyMj+v7771ViJkyYYPCrPTt27KgS\n++OPPwp1A6CqVauSpaWl8LuXlxc9efJEJaawsJB69eollLG0tCR3d3cyMjIiANS6dWvKyMhQO7fn\nz59TkyZNhDgnJyeqUqWKyu83btxQi7t//z55enoSABKJRFStWjWVNvbo0YOKioq0/l30iY2NFd4j\nvmXLljeuh709TuiMsTfy5MkT4Z3TRkZGNHDgQDpy5AglJydTbm4uPX78mE6ePEnDhw8nY2Nj4T3U\nmpw/f15477StrS3NnTuXLl26ROnp6fTw4UM6c+YMjRo1SkieDg4OFBcXp1bPt99+SwDIzs6OTpw4\nIWyXSqUUGBhIAEgikdC9e/eEfc+fP6eUlBStn40bNwrvII+PjxfikpKSyMzMjADQ4MGDKS0tTdh3\n6tQpcnFx0XgRMHv2bKEd69atE95r/ujRI/rkk08IAHXq1Ent3MaPH08AqGnTpirnfvv2bfrwww8J\nAPn4+KjEyGQy4SLAx8dHaL9CoaD9+/cL33lwcLDGv4s+4eHhZG9vL1wccEIvX5zQGWNvpEOHDkIv\n+LffftNZ9tixY0IP9NChQyr7nj17RtWrVxeSjrbeNxHR77//TtWqVSMA1LBhQ8rLy1PZ37FjRzIx\nMaGQkBCN8bVq1SIAtHPnToPOMSEhgWxsbEgkElFYWJjKvi+//FJos6YebkREhJDo7ty5Q0REmZmZ\nZGpqSgBo7dq1ajE5OTnk7Oys8XuytrYmABQVFaUWd/nyZeFYubm5wvYtW7YQAHJ2dqZnz56pxS1a\ntIgAUJMmTQz6PpSePn1KU6dOJZFIRACECxtO6OWLEzpjTKcXr9ST1bFjx4QEcuTIEYPqGT9+PNnZ\n2VFQUJDK9mnTphEAcnR0VOnlahMVFSX0+L/++mu1/XK5nORyudr2p0+fkq2tLQGg6OhovceRy+XU\nrFkzAkBTpkxR29+2bVsCQF999ZXGeIVCIQxtHzt2jIiIDh06JFwEKXvmr/vvf/9LAKhfv37CNplM\nJlwQbdq0SS1mz549BIDs7e1JoVAI29u0aUMAaP369RqPlZGRQeHh4RqH6rWRSqVkZWUljJTs37+f\nPvroI07o7wBO6IwxjfIK5NR31k1y7HCRqnaOppCjfyXbnj17EgBq0aKF4fXl5akkG6Li+8k2NjY6\nE6MmgwYNIgDk7u6us9zNmzfp5MmTNH/+fHJ1dSUAFBAQYNAxgoODCQC5urpq/P9gUVERpaamUnZ2\ntsb43NxcIQkre9WrVq3S+73t2LGDAFCNGjVUtjdq1IgAkImJCU2dOpUOHjxIhw4dolmzZpG5uTmZ\nmJhQaGioUL6goIAkEgkBoNTUVGF7VlYWPXnyRONFjyGeP39O5ubmNG3aNHr69CkRESf0dwQndMaY\nRvX7XSF4nxM+ph9G0vaf06ioqIgqVapEAGjp0qVvdYyLFy8KPf0//vjD4LiffvpJiCt5P/x1r0+y\nmzNnjtpFhSYZGRnChcaePXsMbldJ33zzjdCLVfbGlRcJderU0Rr33XffEQAyNjZWSbq//vqrMLT9\n+qd69epq319sbKxKr33dunXC5Djl9tmzZ+ucqKiJTCajrKwslW2c0N8NYuhARDh79izMzc11FWOM\nVTBxD8S4+0D1qdYCmQJz1iShXYOXePXqFQCgbt26GuOTkpJ0PqrWv39/iMVi3L17V9jm5eVlcPtK\nlo2Pj4eHh4fGcp07d8bgwYPx8OFD/PDDD1i2bBl+//13HDt2DJUqVdJa/+rVq5GTkwMvLy8MHjzY\n4HYp3bhxA0FBQQCAxYsXQyKRAADq1KkDAEhMTMSjR4/g6uqqFhsZGQkAkMvlyMvLg4WFBQCgU6dO\niImJwYABA2BsbIxu3bpBoVAgLCwMd+/eRffu3XH8+HF4e3sDADIyMgAAjo6O8PPzw65du2BpaQkf\nHx88fvwYaWlpWLFiBc6cOYNz587B0tLSoHMTi8WoXLlyqb8T9vfTmdDnzp2LVatWQSQS/VPtYYy9\nA1Ll7VAkb6e2nQh4nJot/G5nZ6cx/syZMxg3bpzW+nv06AFLS0tIpVIAgKmpKUxMTAxun6Ojo/Cz\ntme9AeC7774Tfg4ICEDLli1x5swZfP7559i4caPGGKlUig0bNgAAAgMDYWRUuuU64uLi0LlzZ7x4\n8QKDBw/GpEmThH0ff/wxqlSpgrS0NIwdOxZHjx5VOe9jx47hyJEjwu9EJPwcGxuLQYMG4eOPP8bm\nzZuFdq1YsQLTpk3Dhg0b0LlzZ9y9exeVK1cWvtv4+HjcvXsXCxYsQGBgoHC8Q4cOYdSoUbh27RoC\nAgK0fh/sPVLeQwSMsXdPoUxBoibnVIbc4X2Ouk66QfHx8cKw7cGDBzXG//LLL9SlSxeVT4sWLYQ4\n5a287du3C9u0TRLTJCkpSYg7c+aMwXGbNm0iAGRqako5OTkay6xdu1a4d17a57PPnDkjTLzz9fXV\neE579+4V2l6nTh1atGgRrVmzhoYMGULGxsbCZDsAwvHT0tLI2tqaatSoQS9fvlSrs6ioiOrWrasy\nUfDw4cNCPf7+/hrbu27dOuH70FSvoXjI/d3ACZ0xptGB00/JqMl5gvc5EvucJ8+ev9OLV0Uqk61K\ncw89MjJSLaFfuHDhje6hh4WFGXQP/XUlLwSuXLmisUzr1q1LNXlOad26dSQWiwkAzZ49W+eks23b\ntqks7qL8DBo0iK5cuSLc41aaP38+AaBx48ZprXPevHnCQjFExffclfVeuHBBY0xGRoZQJiYmplTn\nWxIn9HcDL/3KGNOo/38c8OrSR/hmZk0cD66PhKMfwsLcGCYmJsISqHv37n2rY3z44YewsrICUDzc\nrImmpUl//vlnAICHh4dw/zw7OxubN2/G3LlzIZfLNdbl5OQk/KxpqP7Ro0eIjo4GAAwdOtSgc5DJ\nZJgwYQKmTJkCsViMXbt24dtvv9U5VD969GgkJSVh69atCAwMxIoVK/DHH39g7969SE5OBqA6T+DP\nP/8EALi4uGitU3lfW3nv3N3dXdhnY2OjMcbR0VEYgs/PzzfgbNm7jBM6Y0wrUxMjBIyoji6tVCdB\njR07FkBxotmxY8cb129iYoKRI0cCANasWSMko5ImTpyIrl27IiwsDEDxPWHlmuGjR48WyslkMkyc\nOBFLly7FlStXNB4vLi5O+LlWrVpq+8PCwkBEqFWrFho3bqy3/fn5+ejZsye+//57uLi4IDIyEsOH\nD9cbV1hYCEdHR4wZMwZfffUVPv/8czRq1EhoAwC0bdtWKK+8qCk5ifB1CQkJAP5K+h4eHsIcB01r\n2APFFzDKteNr1Kiht93sHVfeQwSMsfePXC6nli1bCquEbd26VWf5W7duUatWrdSG3ImKn4tWrhTX\nvHlzSk9PV4nt2rWrsCLZsGHDyMPDgwCQm5ub2n1f5UIww4cP19iOvn376nwO3M/PjwCQn5+f3u9A\noVDQp59+SgCoXr16Ole4U5JKpcLKc0lJSWr7Hzx4QObm5iQWi4XV5YiIvv76awJAFhYW9PDhQ7W4\njIwMYT31kgvPKNepb9OmjcbH9ZTD9A0aNNDbdl14yP3dwAmdMfZGHj9+LCyliv9fAnXFihV07tw5\nunv3Ll2+fJm2b99OvXr1EhZYAUCjR49Wm2x24cIF4Z6yo6MjLVmyhG7evEmvXr2iFy9e0O7du4Vn\n3wGQjY2NxrXcjx8/LpRZsGABFRQUEFHxkqr+/v4EgMRiMUVGRmo8Jy8vL62rsb1u9erVBIAqVapE\nUSj4Q04AAAjrSURBVFFRlJqaqvVTconaTp06EQBq3769ysXL1atXheO/Pont6dOnwprpDRs2VJlv\nkJycLEyk8/T0VDnWgwcPhFXdRowYISwEo1AoaOfOncLa+CUXpCEi+u2332jhwoUGz5HghP5u4ITO\nGHtjWVlZNGTIEKEHrevToEEDYQlUTe7cuUMNGzbUW4+xsTEZGRnR2LFjVVZAU1q6dKnQHlNTU/L0\n9BTWTzcxMdG5UIwywYWHh+s87/z8fHJwcNDbVuVn9+7dKufp6OgotMfLy4vc3d2Fsr179xYuREqK\niopSeRFKzZo1ycvLS7hYqlGjBt2+fVst7vTp00JSNzExoXr16gnrxQOgL774Qi1G+SIbGxsbnd+D\nEif0dwMndMbYW7tz5w4FBgbSRx99RPb29iQWi8nW1pbq1atH48ePp+PHjxu0QptMJqO9e/dSnz59\nqHr16iSRSMjMzIxq165No0aNooiICEpMTBRmopuYmNC6devU6omIiKCePXuSvb09SSQSql69Ovn5\n+dGtW7e0HjszM1NIciWHuzWJjo42OJm/ntCJikc3Jk2aRO7u7iSRSMjZ2Zk6dOhAoaGhOmfHP3ny\nhAICAqhevXpkbm5O5ubmVL9+fZo3b57Gl68opaSk0NSpU6lWrVpkampKjo6O1LVrVzp58qTG8pzQ\n308iohIrFzDG2HtALpdj586d+Oabb7Bx40Z06NChvJvEWLnjhM4Ye28pFIpSr+TGWEXFCZ0xxhir\nAPjSljHGGKsAOKEzxhhjFQAndMYYY6wCMMrLy8OgQYMQEBBQ3m3511m2bBkGDRqER48elXdTGGOM\nveeMZDIZQkND8csvv5R3W/51zp8/j9DQUOTk5JR3UxhjjL3neMidMcYYqwA4oTPGGGMVACd0xhhj\nrALghM4YY4xVAJzQGWOMsQqAEzpjjDFWAXBCZ4wxxioAsVwuBwC8evUK0dHR5dycf5fs7GwAQEFB\nQTm3hDHG2PtO/OrVKwBAUlISWrduXc7N+XdKSUlB06ZNy7sZjDHG3mNisVgMALCxsUHXrl3LuTn/\nLufPn0dqaiqsrKzKuymMMcbec2Jzc3MAQPXq1bFv375ybs6/S/fu3ZGamgpnZ+fybgpjjLH3HE+K\nY4wxxioATuiMMcZYBcAJnTHGGKsAOKEzxhhjFQAndMYYY6wC4ITOGGOMVQCc0BljjLEKgBM6Y4wx\nVgGIFAoFpaenQyKRwN7evrzb86/y/PlzFBQUwMHBAcoV+xhjjLE3ISIiKu9GMMYYY+zt8JA7Y+z/\n2ruDlybjOI7jH8kwRaO5qQk7VJBS2UWUjPBgh+jaQU+RBIGHILokCP0BeUtRKAw0youlzDx4cOxc\ndApEMCrqplDNWKbptl+nR3p6nDRNZd/eL/Cy3+/H8729t0f2DIABmwbdOaehoSGdP39eoVBIkUhE\nbW1tevbs2bYukkql9PjxY3V0dOjEiRMqKytTOBxWa2ur+vr6tLq6uuX5fz0PAADWBG65Z7NZdXR0\naHx8XJJ05MgRpdNpff/+XZJ069Yt9fX15XWRw4cPK5VK5VxvaGjQzMyMjh49GljbjXkAALAm8An9\n/v37Gh8fV3l5uWKxmJLJpL59+6aRkREdPHhQ/f39Ghsby+siKysrunjxooaHh/X+/Xutrq7q48eP\n6u3tVWlpqWZnZ3Xt2rVNz+7GPAAAmON+s7a25iKRiJPkBgcH3Z/u3r3rJLnTp08H1rby6tWrnGuP\nHj1ykpwk9+HDB9/abs0DAIA1vlvuMzMzunTpksrKyvT582d5v5XuWVxcVG1trZxzmp2d1ZkzZ3b8\nhuLHjx+qqKhQNpvV9PS0Ll++vLG2H/MAAFCIfLfcX758KUlqbm4OxFOSampqdOrUKd/enSouLlZR\nUZEkqby83Le2H/MAAFCIfEF/+/atJOnkyZM5D3hr8/Pz/2SAWCymTCajiooKNTU1+db2Yx4AAAqR\nL+jJZFKStnxinLfm7d2JpaUldXd3S5Lu3LmjQ4cO+db3eh4AAAqVL+grKyuSpJKSkpwHvDVv73at\nr6+rvb1dnz59UktLi3p6egJ79nIeAAAKmS/o3ifktbW1nAd+/vwpSZv+T/tvZTIZXb16VfF4XPX1\n9ZqcnNz0WeZ7NQ8AAIXOF/RQKCRJ+vr1a84D3pq3N1/ZbFbXr1/X2NiYjh8/rng8rurq6k337sU8\nAABY4At6XV2dJOndu3c5D3hr3t58OOd048YNPXnyRNFoVIlEQtFoNOf+3Z4HAAArfEE/d+6cJOn1\n69cbt7J/9+XLF83Nzfn2/i3nnLq6ujQ8PKza2lolEgkdO3ZsyzO7OQ8AAJb4gt7W1qbKykqlUimN\njo4GNj98+FDZbFb19fU6e/ZsXhe6efOmhoaGVFVVpXg8vuVX0fZiHgAATPnz0XH37t1zklwoFHKJ\nRGLj9YmJCVdaWuokudHR0cAj5168eOHC4bALh8OBtdu3bztJrrKy0r158yavR9ltdx4AAP4ngV9b\ny2QyunLliqampiRJ0WhU6XRaCwsLkqSuri49ePAg8Mbg+fPnam9v994kbLy+uLi48StqxcXFW34F\nbXBwUJ2dnb7XtjsPAAD/k8CvrR04cECxWEwDAwNqbGxUMpnU8vKyLly4oKdPn+Ydz9/jnk6ntby8\nnPNvfX09cP5fzwMAgEWBT+gAAKDwBD6hAwCAwkPQAQAwgKADAGAAQQcAwACCDgCAAQQdAAADCDoA\nAAYQdAAADCDoAAAYQNABADCAoAMAYABBBwDAAIIOAIABBB0AAAMIOgAABhB0AAAMIOgAABhA0AEA\nMICgAwBgAEEHAMAAgg4AgAEEHQAAAwg6AAAGEHQAAAwg6AAAGEDQAQAwgKADAGAAQQcAwACCDgCA\nAQQdAAADCDoAAAYQdAAADCDoAAAYQNABADCAoAMAYABBBwDAAIIOAIABBB0AAAMIOgAABhB0AAAM\nIOgAABhA0AEAMICgAwBgAEEHAMAAgg4AgAEEHQAAAwg6AAAGEHQAAAwg6AAAGEDQAQAwgKADAGAA\nQQcAwACCDgCAAb8AbI3NEnwrdwEAAAAASUVORK5CYII=\n",
      "text/plain": [
       "<IPython.core.display.Image object>"
      ]
     },
     "execution_count": 90,
     "metadata": {},
     "output_type": "execute_result"
    }
   ],
   "source": [
    "from scipy.spatial.distance import pdist, squareform\n",
    "import pandas as pd\n",
    "\n",
    "# Get the strain's name\n",
    "names_list = [str(i) for i in sim_matrix_global.index.values.tolist()]\n",
    "\n",
    "# Get the normalized matrix\n",
    "norm_mat = normalize_gram_matrix(sim_matrix_global.as_matrix())\n",
    "\n",
    "# Generate a distance matrix from normalized matrix with a distance function (euclidean)\n",
    "dist_mat = squareform(pdist(norm_mat, 'euclidean'))\n",
    "df_dist = pd.DataFrame(dist_mat, index=sim_matrix_global.index, columns=sim_matrix_global.columns)\n",
    "\n",
    "# Build an ete3 Tree (neighbor joining)\n",
    "tree = build_tree(df_dist, names_list, 'nj')\n",
    "tree.render(\"%%inline\", w=500)"
   ]
  },
  {
   "cell_type": "code",
   "execution_count": null,
   "metadata": {
    "collapsed": true
   },
   "outputs": [],
   "source": []
  }
 ],
 "metadata": {
  "kernelspec": {
   "display_name": "Python 3",
   "language": "python",
   "name": "python3"
  },
  "language_info": {
   "codemirror_mode": {
    "name": "ipython",
    "version": 3
   },
   "file_extension": ".py",
   "mimetype": "text/x-python",
   "name": "python",
   "nbconvert_exporter": "python",
   "pygments_lexer": "ipython3",
   "version": "3.5.3"
  }
 },
 "nbformat": 4,
 "nbformat_minor": 2
}
